7752
2286
3940
9039
1424
6342
1634
5171
9772
1157
6458
2264
1866
4933
3716
5785
1790
9771
5149
139
3639
6317
7041
4038
4654
7390
6107
5271
3768
8639
5664
9406
9890
4483
1089
7906
2777
1842
6682
1221
9505
2519
5694
1516
1208
7470
1521
7876
8026
2655
828
4047
5026
6692
8727
5100
8196
5101
2033
4738
7610
4570
9097
9412
4301
3406
3745
8878
8511
1052
6455
5399
9543
430
8048
5385
1689
1731
9906
7951
6427
5248
3
4605
8406
3848
5882
3080
1601
2766
4119
6184
2492
5568
798
3459
9083
281
9027
9433
8162
9025
7649
7313
8342
7758
9946
1033
149
2351
1802
6157
1085
989
7490
1883
776
8166
4511
3713
52
1905
2210
7836
1065
9016
9202
2874
5315
6299
9574
2828
2704
5012
4439
8078
1113
927
908
8409
5945
6023
6246
2804
2981
8114
9717
3044
5941
1595
8392
2045
2225
5878
6081
3296
6423
8049
6480
4751
1425
2838
2576
9133
1205
6073
2668
7695
7444
6623
6042
6539
4634
4566
4530
3002
3646
6636
9157
9808
9523
4749
7044
3252
7528
1854
7091
2595
7363
9007
6620
447
2008
8240
5670
8602
8382
9972
8281
4636
5335
4259
9454
3803
4452
707
4940
2218
1437
9884
3879
6132
5704
8857
1392
1889
7003
6839
8280
3198
8559
8107
1868
3939
8647
1969
9208
9249
6012
6359
847
7737
8620
730
8921
8438
3065
9279
7749
7153
2483
2224
2414
9037
6601
7295
2592
7549
2877
4584
2684
1662
3951
4039
8697
6406
9941
5359
7974
9660
9135
1366
148
5827
5507
6844
9328
670
2867
1158
9510
5517
4663
4248
130
4597
5683
4102
2174
446
8788
3902
7899
1954
5408
7840
7698
587
2460
4198
2517
8064
193
3038
2074
3213
9364
7895
838
9029
7566
5456
1128
4299
3012
8320
9897
6294
943
7723
6038
5105
3172
4079
6716
7960
7085
5212
2268
9669
6295
4363
2230
9391
5485
2251
3821
6347
9983
9768
7314
4350
7144
817
5740
3936
4026
7608
2949
2161
3971
9334
6997
7210
6267
1131
9370
1168
5288
5701
2265
7189
765
329
9063
8822
268
5275
2993
607
6358
4057
5547
7832
9371
2120
8533
5036
285
8609
3136
983
1107
8702
5961
2788
3812
1807
8824
2473
6445
8517
4979
6398
1596
8460
4287
1737
8117
1869
3846
4423
1713
67
8573
9874
3827
3914
8336
1191
1079
4690
4377
9492
9491
8920
7949
7589
8661
7196
8391
1311
1141
7165
6159
2425
1363
2571
8756
3325
6631
3456
3941
6470
9955
7484
5110
851
767
8673
8344
3726
4945
7814
9242
8289
5
8318
360
7004
4758
2320
6871
5908
5348
4488
8852
7370
5165
3538
7476
244
9799
9061
2476
143
7063
7381
7789
2615
7811
1275
640
5832
9750
4427
7794
9520
9479
6535
693
2134
5867
2744
2650
5734
7391
2388
5479
740
9038
4402
1116
2865
448
3492
9512
5762
2360
7603
9019
5191
3015
4354
4092
9034
3481
8950
6742
3223
6575
5745
9119
8035
5719
3462
3599
8111
2690
8463
1373
4660
2762
5560
3748
3843
2390
5333
1971
6544
3794
4317
8688
4842
6479
5858
8071
3007
111
7766
3746
1808
7116
8578
3750
3227
3022
3340
3460
5065
8779
7997
677
1387
2080
8701
1867
5286
4066
8679
4941
4978
3663
622
1875
2950
4333
7019
4010
529
6991
4316
3904
7037
8479
9347
241
3526
7137
8090
6509
5974
5705
9894
1767
7119
705
4152
6344
569
5346
9106
3913
3620
1329
9853
7346
1152
2884
758
7500
3427
4461
2889
1545
3659
5712
8677
3162
153
4719
4242
4886
9272
1853
8136
4327
3299
8854
5003
1506
1578
4084
4142
4256
4901
5412
1343
5396
8785
1043
3889
6282
824
1039
311
5837
1145
9636
8052
7554
4696
1166
4140
9225
6405
2839
3798
1584
5266
8908
2959
6436
1590
7896
2498
4853
8714
7360
9274
6312
1898
1111
1330
2291
7929
9751
570
4512
2117
4524
2912
9734
7833
4125
6678
6554
4024
7492
8366
3942
410
8642
8101
6327
3355
8283
9804
9125
2190
340
2464
3644
4113
8710
911
7139
3051
7198
1507
3579
2855
9921
8125
4865
8898
8011
8126
8243
8874
5647
2362
8583
4925
1142
659
1438
1964
924
8040
2601
5020
1106
6262
38
23
9504
5476
6569
5269
1994
6775
4921
1182
4904
2229
3650
931
568
7747
7190
4708
6009
4555
1628
4683
8869
4965
5014
9367
2354
2653
3600
3973
8349
2115
7171
779
9758
4401
2710
9271
7252
3514
4579
4450
6611
1985
7656
6884
3009
5107
7769
7067
4466
5232
5290
843
3400
1132
5881
8190
8361
3277
7329
8872
1441
7114
8802
8399
9081
4673
9687
1081
303
3451
7555
1816
2579
3906
9767
6106
6647
7574
9726
7694
9791
3723
7982
4588
7713
794
8480
4803
5999
1435
7573
2419
1645
3702
5733
7850
1040
6215
7185
1338
9724
205
8787
1643
8294
4138
3254
9956
5170
15
1761
3232
8273
757
8348
1235
6046
1785
453
7861
8121
5215
4100
4855
9207
6214
1134
124
9493
3073
8538
1527
6320
6861
3652
5447
1047
5988
1687
4021
5424
6992
4447
8305
9020
4598
9818
2237
6866
8696
8843
5671
5843
7718
1567
2875
3867
8396
3271
955
8000
3769
7326
4342
3899
3338
3339
3452
1010
2126
5820
5480
457
7911
8461
4336
2703
9048
710
4924
7890
6959
3883
9250
6223
9273
1555
5659
4713
9503
3823
6497
8743
907
5940
8557
5407
6635
1748
48
1401
9210
5228
6396
4175
8832
3564
4984
8259
3482
8952
5620
9675
1117
7398
1929
8180
2380
3392
3787
7961
2057
6475
6033
2113
9693
9509
92
8450
3934
4802
6622
7611
1478
9128
6061
3028
7186
1887
3628
1050
6846
8672
2299
5154
701
2925
8954
938
8731
7079
6325
1644
3326
1793
7546
91
6252
598
7547
3681
3327
7284
7593
9711
391
2424
4273
3104
439
7368
3415
813
2149
2752
7308
5483
729
9193
2439
1663
4144
945
4936
8681
1537
9938
8889
2231
9100
1091
7632
6542
7544
3132
8941
387
6705
985
7867
4938
5080
9229
9184
8250
9386
676
4822
2699
8719
9068
5555
4580
7835
502
2946
8918
6785
9456
9218
905
5877
6712
4124
2706
4712
8902
4349
2976
3609
1352
2526
3036
1452
8883
7936
2193
2470
5006
2988
286
3616
7753
9236
5937
7297
8234
3352
9982
8062
5713
6096
4328
7948
2373
625
2578
4947
6841
2094
350
656
3816
4379
4409
1446
4479
4733
4082
8033
6815
3619
9093
667
6309
1972
856
6052
509
7223
8527
3571
4987
5224
3435
2569
8027
5849
1863
6120
3331
5746
7677
4971
3439
1071
4424
3373
1216
9984
6948
9144
5528
3098
3993
6354
489
4862
3294
6589
1735
4888
4669
2309
1914
6324
1938
31
3729
1997
1754
2255
4509
4252
9737
1759
3781
3970
3085
4364
2647
7448
1992
7839
1214
784
6593
3997
4358
801
7426
7762
5833
2996
3436
7878
5372
2902
7173
5642
9031
8774
4812
6843
6137
8796
7964
9932
8860
9178
356
4386
1805
553
7187
9247
5554
643
6088
5347
3090
7052
2448
2743
4410
3465
9918
3819
9220
159
2506
7126
7750
6518
2882
6890
2523
5641
5923
556
3766
1864
5529
1581
514
5883
3712
1885
2989
4303
614
4011
9409
6880
3192
8657
9148
976
1178
9416
3530
2278
4547
8265
5608
265
4395
9402
539
255
6021
2140
8481
6606
3143
7038
9087
6101
6469
6702
8340
2727
7106
1920
3829
18
3840
5689
2036
9014
8389
2223
2404
271
9142
3425
7988
1474
3349
7286
7132
358
5056
7666
8364
6212
5405
53
5062
2774
2144
3968
600
7539
2122
8096
9898
2303
5541
8783
6037
9326
6633
1413
9868
7076
4229
8964
7180
5475
6195
1133
7207
8992
7559
3479
8343
7115
1281
5906
3636
6972
5793
186
2214
276
3207
1708
3106
1384
3156
1656
6373
5835
1577
6216
2027
1239
4648
3501
9424
5991
188
6273
6525
5754
1789
3683
1075
4633
3242
7084
1495
8022
8176
3943
3666
9531
5368
1548
4964
5989
1174
8219
2745
1056
8790
862
7478
4608
9117
6481
342
8037
1871
5953
3217
5227
3531
516
9876
6797
5658
544
5931
6654
4653
4399
1924
5994
7530
8614
6407
1468
563
3160
1122
2680
45
8829
6706
2805
2775
9460
9209
2802
6186
9099
8693
2599
126
6269
7562
1016
7502
8746
7680
3360
6016
2260
8525
1874
5450
7741
1062
3230
7986
4567
8853
9102
3892
3954
7440
5897
5596
2121
4845
9617
3343
8553
8167
8277
347
2716
2247
9857
6661
1185
1980
1418
6970
5066
3437
5299
2520
63
9650
5334
5440
517
3991
384
9275
2617
3593
2384
9474
8846
5677
2545
367
5384
5307
3212
6080
9560
7299
5830
2118
7536
5768
2644
4776
9536
6204
4539
7993
1575
5943
4790
7331
759
2854
2811
9345
3046
5377
7908
9577
2420
2565
8182
7705
2761
9885
6596
5198
2064
5000
9720
6735
3395
6109
207
1786
2751
8675
8720
2783
8430
5804
1598
7754
4494
3786
3029
8449
6788
2060
1795
9159
9762
2402
4837
2723
7305
1675
6724
8279
9452
808
9632
1589
6586
4417
5061
6415
5600
7055
3053
8459
2014
6892
3930
770
4612
8465
4544
2833
5423
533
7147
3853
4805
5978
1778
9749
8004
422
1497
2028
4172
2109
7152
47
6853
226
3225
1109
9781
5458
3372
4286
8352
9170
469
411
6362
3605
7824
4788
4966
8158
8333
4680
2179
1023
4688
4266
3453
9110
3087
919
2737
9431
5776
4040
3249
6192
9784
601
1055
7452
7428
1227
9525
9872
4609
5811
1479
1930
4681
1218
4224
9848
2795
8097
8220
9601
7166
1632
8867
6697
2832
1436
6495
145
5124
9187
8789
5073
9635
8466
3055
1776
1269
2672
7270
3096
4295
2755
975
589
6827
548
5380
8129
3734
6345
7869
3358
6842
8724
9353
1796
9561
4291
602
1342
1361
1812
2818
869
9023
444
8330
8629
100
8293
1676
4302
2901
2779
2499
9939
7875
1665
9919
5822
7740
6912
5482
6383
7396
8899
3876
8378
7257
9448
6864
6756
3660
6461
3204
1454
2924
3366
9339
9849
1014
854
2607
9968
5699
1724
433
2820
2467
4578
727
7706
3557
6030
8506
8801
9290
9442
2263
5262
1135
6965
2616
42
8398
2147
9626
1094
118
918
8959
405
8417
3722
9335
1666
8885
3218
9400
8659
9746
2212
8426
8242
8308
9075
9869
8565
64
8888
4173
8705
2123
8937
4912
5147
895
5930
9162
2535
2843
6039
6338
3014
170
7263
3463
8317
5337
7238
294
4884
2054
9137
103
4779
3404
3856
4015
1890
1333
923
69
9095
5058
4763
7178
5387
2941
413
8260
8112
3283
876
5067
1899
3985
7665
2718
7584
1213
5981
1181
4908
9812
5672
7248
5267
3590
1561
8041
5868
1458
9862
5009
8483
6613
3233
3838
2068
3134
7952
4485
7219
2428
928
9388
9041
9459
2046
5569
6543
290
6492
228
5619
8055
6640
1127
2103
800
1810
3566
5451
7043
1834
1382
4554
8652
1931
1509
5477
4868
2585
1884
5029
513
8139
4366
1482
6133
7243
7285
3247
7907
2880
2407
9511
1576
4412
2035
7373
2401
8556
2853
2007
417
9062
2930
594
7006
8452
3092
694
4556
5714
9803
7569
101
2133
4177
3544
2453
5064
6230
5349
6625
377
8263
3980
4471
8497
1402
4062
3519
8036
1038
8666
5111
6153
3711
8895
7461
2776
203
7624
7497
3518
2167
7172
1642
9835
6587
4993
3850
3446
7942
2171
9292
3884
6916
1613
2641
9502
8740
3624
4442
8886
4797
9627
4777
2715
7264
5724
9867
4722
104
4988
6236
6176
3060
7070
2897
4265
9407
8350
1290
6031
3466
2016
6105
8542
696
3700
6125
6772
5998
4740
787
5790
2182
2172
3255
7330
8977
7399
6498
8598
872
9300
9113
2799
7588
71
1833
3363
8464
6484
5300
9478
1244
9580
6695
1222
1217
5210
7281
7348
6664
5638
3113
1641
9253
8067
9522
8816
3522
5949
971
1374
645
9834
8594
7438
7372
8991
5589
1105
5390
185
4655
5657
2642
9714
6328
9261
2758
2887
549
6280
875
8835
1504
1991
8253
4257
6451
8812
4746
3170
2675
3635
2395
3604
9180
8060
7464
176
8550
319
5680
8425
337
9132
5922
1892
636
1308
3504
2759
5096
9085
8551
9912
3542
7872
3977
8496
3629
4269
1679
3312
5162
483
8917
6541
1729
6351
451
8839
1429
2243
9013
4756
1565
6766
7486
7268
6825
6780
946
7062
2733
7514
4854
4020
6104
3789
6784
2914
7093
89
2574
1028
9913
3148
6802
9889
4032
8988
6
8683
2269
2781
4792
2102
2747
1323
5381
6858
3801
4528
7386
8570
4526
3037
4185
8876
6810
7156
6460
4378
2304
5617
2815
2333
5104
6083
635
8776
3747
4158
7407
8245
1063
5126
3278
717
4106
8200
7715
6161
1467
796
8169
5749
4028
2971
8635
3956
1188
2652
7548
4710
3474
7501
3264
9508
7881
2497
214
2418
3292
1624
5112
5032
2857
7056
532
6074
9563
8751
7775
1723
624
4778
1005
4983
8940
1312
2987
6226
7981
2645
5936
1230
2400
8541
9457
8353
5220
7592
4878
7781
6887
131
7482
9790
6222
9837
1681
9103
7609
5986
8548
504
5688
1461
5566
8094
9032
351
4586
7978
2206
885
3808
9440
547
5807
8534
8106
2734
9916
4668
9985
1725
37
1209
8113
8980
4415
7001
6371
8969
5748
2510
8637
280
6193
3676
9108
2490
7962
3293
5892
7415
8793
3778
3490
8709
4948
7748
766
8625
3142
6828
3731
3710
5559
3411
6787
1386
2049
1706
8806
3777
3541
8596
7792
5341
8388
6951
3471
7691
4025
1525
785
3410
4235
8574
1247
1267
6514
795
1546
580
2040
609
4986
9988
2801
7214
836
8428
334
3757
4237
3194
6368
1604
7943
1054
9056
6242
5487
6256
7149
1799
2178
362
761
4497
2153
5716
5081
8427
4131
1923
6401
8518
1059
1517
8174
8386
7607
3201
7306
5841
9748
7125
1566
5708
713
8782
5964
2881
6203
5355
3150
8001
2860
9654
4470
8131
9053
6004
2974
5655
4476
5076
9199
9817
8278
8161
1060
8225
5376
1046
5901
389
9134
8087
9842
3351
1983
4357
5801
7818
4274
4794
7220
3062
5508
9050
2241
393
3688
8750
4496
6266
8919
6973
3670
3802
1103
6486
7545
5250
7959
6296
1362
9379
8907
981
7206
7543
3380
2403
7854
8373
8075
9055
5252
5297
2440
1070
30
2432
2001
1301
5312
4821
590
2936
9621
9917
8958
4656
605
4621
7770
7756
2634
3424
4218
6529
8133
8313
4737
5282
4318
25
1408
396
9732
3894
6241
6421
1024
6341
5558
7457
9001
7417
4087
8059
6065
9777
7883
1511
3551
4600
6900
8827
1225
2665
2963
3612
673
463
3330
24
3008
7638
1123
3817
9466
934
7227
1650
5593
4558
1707
9252
5138
1568
4104
11
2146
4760
7318
1465
4922
2275
9372
3967
5957
4233
370
9239
3855
6209
4383
7791
6958
6908
3480
1736
7686
7361
4716
8494
8711
4850
1202
9559
6419
3630
967
7828
5682
2429
1475
9613
32
586
6528
2024
3353
7512
6723
434
1066
6409
4443
105
4748
4133
7342
3305
3246
4407
8624
1282
2204
7763
4670
9035
3897
6993
7162
4611
6741
2114
6118
7432
3458
9480
9211
2605
1526
5802
688
1082
361
783
7843
803
4187
6531
9903
8246
6285
9953
4285
6130
8089
3083
3804
9595
1017
7805
3300
3945
8236
8045
5825
3042
5514
9833
3982
809
7443
9450
4928
3151
4375
8608
5756
7882
4008
6194
6375
3638
8135
3115
2849
3084
3957
9979
6950
1078
9678
8303
161
1246
8515
464
8400
6211
7844
4161
9329
1434
7481
3154
2561
6513
716
8295
6778
7846
5538
6671
1150
7096
9681
7253
3535
6380
2330
9949
2277
7565
4639
6649
4329
5038
689
1570
7648
3898
344
7787
900
3477
9929
7585
1272
5362
8529
5214
8676
3290
2724
9231
7675
315
3499
407
7688
2096
5839
9703
7155
7710
8016
680
7099
9544
266
5954
6532
7558
2479
5792
2502
3486
3342
5148
8781
4949
3730
3581
2999
4385
5401
4784
5687
9584
5329
9843
4521
7197
9673
1607
6015
5274
4786
8650
1963
9515
5119
3870
2387
6715
7934
3391
8007
2674
6767
5890
2086
8847
1699
9548
4279
762
3284
8942
7944
2803
1328
26
5001
7102
5777
9787
7622
1448
5809
3627
8472
7866
745
7355
7641
4370
9116
6823
7793
1629
8982
5542
3174
2508
2253
2031
5574
4147
7463
6961
3191
7231
1851
1734
7358
9677
9571
835
3178
4451
7602
6390
4426
7586
723
107
4783
6189
5120
4864
4861
9753
2377
7515
5540
4016
9309
488
3760
9470
6630
2921
8414
127
6277
3863
5314
6244
2620
7825
6602
1007
2391
4741
7489
3270
1622
4640
8379
8591
3783
3755
4159
2061
7269
974
8689
9821
3018
4549
560
1148
5438
9051
5950
8837
2143
8638
466
7516
1344
6545
1612
7034
4876
4396
2570
4243
2189
2982
2444
3238
54
8530
2643
6558
2683
4179
34
9066
6698
5442
849
7240
5869
8753
2158
6430
2421
3969
6178
8619
9952
6590
4727
9475
8671
4130
1515
6727
9616
1018
8009
9805
4167
1316
9795
7389
5034
6703
253
1466
83
9314
7064
465
3799
8912
2289
7121
7385
152
597
5993
6896
299
3333
2964
7652
5287
7340
4540
613
2111
2198
213
1957
5816
2979
474
9397
7779
3762
3068
9167
7016
2991
3796
3416
4155
1841
3279
7692
1300
6433
7098
9351
4568
788
8748
9556
4037
6169
4896
7733
5735
5550
7803
797
7176
9071
5235
3175
9709
8091
5621
4180
346
1973
1189
2468
1231
5643
3822
1485
1331
2242
2336
8184
5509
480
4166
460
5996
5231
443
1952
963
1894
7507
557
4458
2984
8084
9488
8387
1697
9399
1859
9394
9942
2688
8840
7058
520
4325
5069
5702
2240
7113
7423
7074
4799
5707
5429
1974
9423
6651
6826
5043
5879
6964
537
6928
3383
3881
2525
958
4702
1101
5079
8298
8122
5769
4616
1030
916
5979
822
3166
7174
671
9283
5611
4604
647
2560
8140
7757
6704
2164
2903
7460
8134
7466
1782
1620
3476
1625
8226
321
1960
4323
6210
7133
1355
1149
9639
1835
2767
1990
1211
2409
4478
2405
6994
3291
735
5862
7670
753
5806
6127
9960
1420
7928
9320
5971
4824
1100
5053
9011
1226
7483
2312
1747
1372
1299
7765
1615
6220
2491
7246
7556
7653
5826
6665
7040
8456
9873
6491
90
6662
1696
4617
9943
3045
5532
2970
8944
4296
2135
7969
9182
3516
9200
7280
1915
7145
9410
6855
3623
1635
6377
7053
654
4268
4139
7429
5770
8721
9376
619
7216
7639
3196
4365
5397
4312
4099
2827
3031
5640
993
5912
4033
5473
1672
8230
5180
8204
9449
7996
248
3409
9963
5548
4420
4330
70
2608
5060
9240
1621
892
7980
500
984
1490
7493
5007
1661
5635
6836
714
8618
5929
7024
962
2954
1261
2879
554
6597
7851
7810
5414
3999
1738
3994
4562
3043
1910
8691
6183
6595
187
1693
5074
5156
7570
9462
8521
9937
2329
6126
9619
7065
6743
9527
5727
6612
9909
7788
2580
2422
2397
6769
392
1242
1358
3528
3517
5153
406
8742
2834
2372
1347
5609
646
4388
3878
7820
9612
2416
9268
8202
2184
1728
5893
7739
2757
6945
3756
8607
728
842
6634
4372
8575
357
9140
5184
9698
4750
9255
574
4042
7590
8473
9441
9706
8641
9343
5241
4627
5503
4644
2597
2480
6224
8083
4882
6774
3153
2341
6909
1895
3023
115
7667
5352
4666
3795
9707
3245
5108
8519
5383
1351
1959
591
8142
8765
1293
4744
706
9730
4437
6077
3180
3303
5505
5944
9740
2023
8322
6995
7587
8706
631
1364
7239
7886
7020
2128
2087
9000
4373
9430
9642
9216
7809
3661
39
904
3234
4157
8458
850
1061
9966
6168
3549
8903
3179
3146
2633
8931
4245
4093
3698
9839
33
3350
8233
2215
4623
3138
2495
4017
7298
2216
3455
840
3050
167
8592
8439
2842
7540
7388
1610
7728
9464
7506
2935
3792
2426
5295
8998
2975
3896
4376
5422
3199
8795
316
9957
2926
2501
1287
9925
5965
1947
649
8685
1396
3573
9880
2915
9251
5403
1407
5404
8301
3107
7930
6941
331
7726
9755
6076
9763
3587
3979
4665
4251
8864
2232
3592
6641
7845
1743
9438
8512
9145
86
5531
7719
7703
8043
8713
2183
2211
2513
2281
3733
6845
9349
3438
323
6605
9800
8708
2349
5715
5192
8733
8002
6500
8085
4435
3394
2990
5741
6944
2259
2533
8038
1715
4391
9197
8763
9579
1086
8884
2890
9865
7902
3222
4913
8794
7529
9008
2355
3797
3118
4007
2160
3826
4294
2770
320
5500
9473
8524
6687
3219
1395
7817
6250
397
2331
1932
3569
2004
154
490
3844
9366
2730
1998
7938
9074
1472
9080
9628
7965
2708
2343
4952
685
2076
2943
1201
615
6932
1285
1385
3289
4332
7887
5855
9186
1779
6505
6263
1296
1044
3949
3432
9434
5142
6370
848
9270
3839
7743
6138
2442
1716
950
6581
7032
9077
5895
7662
9426
7517
5047
1788
7048
8017
353
3468
497
9282
4704
3561
9530
807
5097
1815
4105
8817
3740
4499
6388
3176
4649
8258
1009
7255
6162
3506
6805
6314
5356
3521
9649
8488
4591
8612
2567
5521
2893
3428
3877
8044
6801
6191
7799
866
3511
7290
2097
9901
8444
2274
8079
1203
5324
8531
1317
8132
428
6553
3408
7815
994
73
1631
3145
7897
9656
2980
5578
8188
8331
7217
8311
7567
1324
5121
2677
9078
4807
3890
3574
5781
5041
3088
4432
78
4067
1190
887
889
1746
2639
4919
8499
8682
7852
6028
5320
6519
147
1582
3948
1809
7661
1280
910
492
506
8355
1870
2032
8928
3208
1520
6504
3944
7955
4977
5251
4981
3685
6563
7784
1551
2191
4275
5229
3295
3790
859
4652
6792
4672
6527
2739
4645
8457
6681
3258
137
1592
4434
8664
7402
6444
4054
6663
3885
2664
9519
6670
1049
1684
222
4637
8287
5395
4650
6874
6148
1533
5925
3903
2748
3687
3602
5409
9396
6403
1600
655
2670
4310
8088
5197
9472
8363
3103
9541
4418
3000
3183
6174
6478
5205
3909
642
7060
5551
1532
5298
7095
9471
8631
5652
9534
3851
2285
7376
5904
9722
604
2866
9566
5002
4836
4834
6533
1460
9281
2098
1937
3679
3922
2791
6103
6642
3584
525
2488
7136
9065
7898
2986
7627
1912
3585
3122
877
3960
4490
1845
6432
2385
2314
1292
3344
8528
8999
2168
9735
5168
6591
7725
9129
9888
1260
3321
8700
7073
5955
9752
499
7007
6820
5425
9989
475
7935
9387
4728
2558
8680
7471
3236
7521
8667
1907
5679
4573
5618
7005
687
7273
9514
3444
2279
3221
160
1488
5915
5808
7676
1334
1660
8209
7294
6800
2669
6089
9096
3241
6462
638
212
9461
9920
1753
8997
9633
1250
3426
588
2485
2137
3116
3019
7404
8507
1303
4638
7097
9190
2296
6413
9736
3591
7184
4203
3184
4553
2923
8735
9248
164
543
8858
1855
9793
826
6935
1423
3197
7437
3560
4051
3010
8698
9631
4352
2209
9745
1196
97
7822
1979
3933
2888
8185
5411
9312
3916
4043
9244
2540
802
8010
653
5296
3527
6457
1919
4587
9624
2374
8487
9861
5367
7921
5784
306
8636
4684
5987
6298
6144
3752
9780
3047
5382
7424
9398
5654
9317
6537
1674
3282
6286
3818
3126
8405
5992
5254
1671
9165
4250
8633
1646
7606
8807
5018
4096
9047
8191
7499
7105
9670
9131
7289
7920
7293
7418
9226
5894
9287
5365
4457
6476
4473
4289
4920
5474
6049
6247
6803
9230
4258
7693
3845
9863
7736
1228
9436
5581
2047
8105
576
2958
9776
8929
229
987
6837
1775
5033
4331
375
7572
3423
8100
6332
9392
6079
4276
2797
252
8845
6847
6782
7138
2840
6489
5491
4846
9599
9316
3626
9846
4967
7408
8568
7671
1289
7449
7413
4344
1702
5817
1569
7537
5588
6711
8360
3329
5375
4109
1559
2749
4029
482
5046
7678
6045
2992
6738
2814
7277
2928
6302
7057
8520
4531
5510
5455
1154
898
2207
5779
4050
3240
6057
572
7467
7995
4360
7266
1422
150
5042
2455
9715
35
2899
7012
6764
8960
8547
1609
5933
9112
8201
1856
181
1544
7597
7950
6284
831
652
6974
648
4829
719
1370
9130
1587
4890
2944
8627
5634
192
947
6582
3485
1927
2015
5039
6043
4073
8842
2105
1797
9659
6739
3498
4510
5469
8948
7922
6626
8338
2039
8032
8990
5947
8712
20
8780
1428
1505
4107
1417
9592
9766
6921
4909
2009
2846
1904
8211
2208
3791
8989
4629
7017
7131
5410
6071
1008
8561
5911
8532
3643
9030
5726
1271
6467
2021
5130
3718
3006
4201
6437
8798
6069
4582
1751
9987
3717
365
1758
6580
4898
1857
3510
9623
9164
1541
4068
2891
834
4334
2768
9832
5218
7722
562
5213
2063
2000
4935
1240
3367
6135
4866
282
6926
9219
9922
1965
9923
6684
6350
7071
4035
9121
6346
8505
8615
9586
2324
6754
6576
2481
5338
7807
5650
3594
4044
7690
9139
364
8569
1464
4014
4757
9369
9169
8257
5866
8523
4464
5976
6749
16
1298
4937
198
2399
1984
844
3880
1539
7354
5910
3472
3276
982
4563
8924
4453
8493
2707
4468
8380
8238
1756
4368
5771
8003
7742
7203
4902
999
3070
9432
8983
3114
4671
1550
7940
8327
2348
2613
7442
5752
7278
7773
1502
4851
1547
906
9770
3578
6414
2051
2368
2551
1781
2227
5321
5914
7200
3739
577
2340
5461
9052
5497
5082
5959
9829
420
4883
1712
3500
6579
925
7224
2807
6459
1701
2648
8248
8181
9289
5164
5516
9323
2437
2325
4400
8732
6452
5175
534
4060
5628
3548
3379
8755
4359
4678
369
1836
3484
8668
6632
1766
9778
2564
7488
3020
7401
6258
3193
7447
581
5552
4315
912
1340
4870
4207
8933
1192
5253
2300
610
7439
403
4176
4835
870
3684
6483
3633
7379
9810
4129
6506
8160
1000
2155
3736
6812
5731
6141
6685
884
3841
7000
621
3758
2108
9546
8418
2753
2913
5492
7871
2778
2297
6673
7630
5088
7542
3259
6393
1399
956
8286
3016
1606
8468
9185
2358
1256
1076
5651
1273
2848
8516
2271
6228
8028
585
120
4306
5675
3961
9003
9177
7453
8482
9587
2282
6316
1794
7409
633
747
1968
9163
3473
7594
3112
6233
5797
2790
4729
2532
136
1549
8649
5389
1553
2629
9435
5794
6029
2780
9895
8108
3470
8597
8072
9291
2932
7685
1580
1651
7251
1095
814
3658
793
179
9928
7823
3701
2010
874
4002
1405
6180
5244
6093
9141
9533
7150
6849
3487
1450
1814
5539
5245
9940
7403
5353
3772
6227
7785
6817
8254
8875
6894
8760
8462
1375
9484
6487
8137
5189
5852
8228
5400
4535
4718
7228
1002
3450
7633
7229
2906
7755
5711
6718
8495
9109
3094
8737
8590
9718
1611
1162
3370
1161
7821
4995
1803
1733
8925
2353
5586
1371
9788
4374
9935
21
3164
3832
9618
7968
1451
4771
820
2782
2702
3077
8769
712
4492
2019
7157
8155
8015
6321
3703
4208
8973
8485
3147
3021
4293
3965
8927
5623
4475
5351
7343
4196
1694
3828
2157
217
4146
6719
9969
2181
4946
7696
2177
8397
5645
6062
6112
4791
1443
3265
7797
7140
5459
7395
7868
8509
980
5913
4899
2334
2920
3634
2933
6259
1193
3447
9338
1896
6614
6657
3169
8831
6363
304
2412
5522
3224
9789
6669
5310
8818
9572
4429
7234
3101
7014
2844
8830
8762
1925
7033
4216
4255
5684
1514
9445
8300
3385
1356
4894
3554
2772
359
5962
2689
913
1257
4522
7663
3690
5942
9761
341
3072
1327
1877
4676
1718
5562
7311
4692
5899
4557
3187
2382
2947
5015
6989
4840
1686
9811
1817
3461
1619
2318
4575
2732
1258
6305
9625
2624
5091
8145
2071
6173
55
8491
9189
3057
3173
4292
772
6111
4508
839
1042
2099
9779
102
6552
6607
2847
3324
3365
2858
9684
3491
7323
4220
1322
6977
2687
737
5163
5668
5624
2292
7027
7505
6588
4249
6402
6572
7161
2563
8345
5789
4438
9516
8130
1818
695
8264
4080
4711
6232
4246
7802
3210
123
3513
3861
4178
3830
6940
5010
9886
4204
894
816
6598
1739
498
6869
9262
1165
8187
5054
5077
8476
3866
2531
3502
9161
3707
6376
5350
2835
8152
8640
6933
8617
3056
1880
2041
4205
1691
5723
3503
2587
5732
9719
3928
6418
8437
7538
8986
739
6048
2357
4086
1180
5919
6018
5597
6856
9415
8020
969
3715
6889
6276
479
9378
7991
256
2273
9010
7519
6098
538
7518
551
3727
1791
756
4536
8477
8271
7301
9425
9993
1379
5504
9076
352
3121
5766
4745
6574
6307
4907
7697
3901
1204
1618
3496
6379
135
9082
1552
165
7531
3475
5468
4585
4516
445
5313
8572
5656
390
9365
3489
8453
7009
8932
4875
6998
4839
3704
7010
6428
4592
8213
620
5141
8241
1093
9764
8206
7659
6971
9951
2566
4724
2188
230
215
1714
7430
9899
6116
6465
2638
6099
5717
9663
8173
2543
7182
3533
5626
1104
3140
4731
9959
4950
6680
1365
7557
6616
4677
1677
6025
1711
2548
4817
4736
3912
6024
7918
5427
2162
1664
1792
3859
901
3668
2201
9836
1001
9419
3086
9006
932
7080
9411
2376
6770
8838
3033
6501
8019
2568
1530
5261
9482
7362
1518
691
6154
1350
7830
4543
5556
2018
9699
2261
9682
2663
2542
8770
9465
467
8873
702
5773
6372
2284
339
573
5819
4849
4335
853
5467
7347
2245
7552
7078
2945
6453
8856
273
7859
2741
1037
7375
2197
9554
8716
4085
6255
7909
3445
8365
2516
9690
3809
5294
68
5238
8076
6493
546
7629
7352
7066
4018
9893
9158
8729
1846
4828
1481
2831
10000
6304
5217
6352
6557
3414
4772
3302
3267
2559
7374
3071
9605
7782
8448
189
2075
3873
6218
9104
998
3027
2252
4362
9971
9401
2083
528
8881
5896
7925
6158
4482
343
7356
3418
8580
1500
5354
7008
6957
2591
2721
4169
2352
5225
1995
9841
5737
750
542
4657
7191
4607
2434
6600
6335
6559
699
7553
7092
1976
2443
4895
435
233
43
505
9798
5969
6999
7560
1241
2798
3555
3854
7716
592
2603
4270
8171
5932
819
177
1943
1025
2276
7591
6097
4115
3764
6019
1029
2709
4595
7989
7272
9936
4699
9816
9332
4614
8741
5928
2301
2953
141
2892
660
317
6608
4049
1398
2883
9831
6113
4213
7510
864
9036
5860
833
2192
2830
3441
9630
3834
8687
2942
769
9981
3895
8490
5441
9276
5394
6084
5129
7387
2290
7045
8229
8690
5696
5040
8422
3286
301
742
7366
9931
4477
4943
4474
4151
8799
2697
552
2686
1722
3875
4191
2898
4236
5546
3078
6329
3440
7433
2003
5601
2808
1771
9535
5924
8866
156
7646
4939
484
2226
2713
295
812
7042
6122
6490
4194
9476
2042
2584
2090
3918
6857
3882
2627
4872
5502
9881
9638
4281
262
1274
5709
2507
2088
7339
1147
8828
6759
9672
224
3387
5278
4782
6389
6177
9552
9573
7808
6356
6691
3988
2433
8118
6653
336
2159
9727
6547
1585
6566
9961
3570
6571
5078
3833
1335
9033
3915
1602
9775
4290
9173
1688
9467
1268
1916
7963
7112
8415
3434
5207
4504
7780
4959
2154
5484
3771
8432
2738
4254
4662
2406
6526
4063
8109
1888
9743
9152
9528
603
5265
1179
1659
6301
5019
8339
8221
7465
8328
4425
2659
3335
7915
1540
7654
3886
4603
8809
4795
7985
5179
630
1752
1709
3017
6956
9807
936
1119
7192
3552
8916
1773
7302
9710
1720
6693
639
7109
6760
626
3356
9045
1341
3089
7142
3953
5005
3469
1183
5720
2940
2626
7341
7086
40
6927
8938
6145
7344
799
1928
4156
1966
8758
6297
3699
4793
6852
7013
3429
5145
8965
3285
3986
3987
8375
2500
3696
5576
6279
9286
7036
3129
541
3546
5471
2725
7999
4892
606
231
3076
9655
8423
6182
7503
4089
2695
2538
7870
1536
9774
3921
8767
2787
4957
3811
5242
3927
9838
3686
1219
1956
133
8792
2124
3024
2100
1462
9685
4433
7581
1136
2187
7242
726
9905
9256
5587
6264
206
2067
3403
6829
2826
6677
8217
8175
5178
9004
8447
9840
3110
2244
7932
9331
5795
5594
2335
3052
6822
7030
5418
9557
5662
1337
9860
550
2862
3301
2810
9927
3399
1819
7910
4571
166
6949
4505
9315
7127
7708
7225
2220
7526
1367
6429
4963
7265
1175
2806
6934
4969
4122
1498
871
5676
9146
8143
8604
5805
9072
7904
2438
9451
8192
8093
4136
8237
1034
4090
3310
2180
5543
7826
4012
424
7768
8102
2317
3332
4188
6315
7135
7134
2960
7498
3064
7973
8850
9620
2794
5764
9114
7304
6732
6981
5728
5649
8855
5520
2116
9064
4932
3596
2529
4804
2235
2769
9741
5304
4069
4006
8934
194
4123
7523
1837
5392
775
9964
2213
6819
6699
4209
8996
7800
7235
8046
6985
8471
2938
5772
4419
8906
258
8442
3972
4831
3105
1427
4626
4239
3378
4956
3059
5161
437
6758
8268
1535
6496
674
873
7790
5470
4307
6868
6238
7655
7541
1765
5432
2065
5844
1640
3978
7759
4931
4743
8900
6967
5230
9088
3308
4127
3431
4781
697
6520
8660
1484
6644
1354
3144
1390
3348
1457
8930
7674
2509
9697
583
6464
8563
4304
4695
4110
6253
4955
804
1404
9540
4874
7568
8939
9195
8684
3837
259
2896
2630
8648
7364
1368
9111
8312
9756
3251
9361
2093
7884
965
8154
6814
1858
9380
4380
2590
6854
3525
9965
8500
8865
8674
6306
9933
4041
8768
1430
3588
5891
9820
7504
1563
2344
8514
2257
5842
9908
6621
3617
7258
841
5753
7827
8616
8309
2657
8501
8848
4184
7621
247
4726
3382
5553
4340
5055
5406
2186
1463
3860
9806
4398
4814
7626
5449
5063
3304
1850
3891
2552
8053
1721
8797
6905
1951
2760
4517
9174
8370
5871
4999
1019
4867
4910
1970
8170
80
2112
5256
7303
3167
94
371
3583
7979
6000
1700
5221
5681
8051
5117
5340
4596
3947
1902
1305
210
7477
1501
6234
3664
416
9486
7117
1360
66
7143
1528
666
2746
129
9634
1732
2793
6167
5284
5159
4619
3842
7337
7894
5967
7849
5537
5557
4221
6005
9830
3315
5592
5322
9545
2685
2138
7015
6143
9575
4689
8205
1380
3341
1146
7533
3545
8630
5420
9606
5285
8554
4065
374
2026
6790
6188
1234
2550
9092
8252
8421
5151
9661
575
6666
1772
196
8410
6085
7855
7857
5246
8891
1397
117
7623
2101
5098
8935
8296
2110
2876
5690
4589
821
1098
7059
2478
4343
9294
9615
4691
9293
7472
5371
1309
721
7912
8644
9417
3672
752
4858
1096
5698
5927
5445
1144
6367
5059
7873
1167
6425
9532
4577
1369
9101
4717
6550
6881
508
4785
8061
3421
163
4416
8730
7104
2413
1326
5674
3595
9127
2660
2471
6310
6676
9708
2081
5511
7847
1740
3048
381
7998
9896
1982
5434
6523
6975
4730
5774
7613
7687
3825
5048
8255
2359
6303
2671
5185
2937
1053
9026
3515
6898
450
1862
5202
2151
8535
412
8275
6353
786
6070
1538
1492
3139
5181
7976
6369
200
3749
6658
6577
3735
4341
5834
93
7169
5810
8628
3692
1777
7730
8772
5573
5208
1829
4181
9825
5283
1295
827
6110
7107
4615
1270
2868
2346
7604
3443
9439
9738
6397
5090
9319
7520
8451
8526
6538
2598
9819
9637
5760
4206
7451
425
6237
3695
8522
7970
2850
9986
5211
7551
5958
6006
7977
566
7880
6047
2129
6435
8446
4308
1169
380
7244
5663
6643
9336
8215
1749
893
698
7199
1586
49
2393
4930
1294
8658
7245
7642
1445
1314
4513
3929
9694
2058
8247
2618
2503
6139
1977
1690
8441
7700
1989
2056
7051
2742
7954
8723
5037
9496
3989
1378
6339
3523
8332
60
1229
8540
3243
376
4651
9813
4355
1125
5736
5068
9463
9228
2521
4348
6584
5249
1245
2371
3412
9284
4137
2365
8346
7806
134
9156
7975
860
954
8893
5021
9643
1647
6860
6140
9310
920
2872
2957
3788
9084
328
8080
8966
5116
3586
4441
6456
6969
2764
4004
2452
4613
8486
3288
7333
5783
8157
3613
1826
8897
3952
5133
1259
9073
4059
3653
6313
1508
7068
5279
5360
2308
6831
1249
2654
5281
6876
4725
2649
5302
6830
2321
5738
1879
4337
4145
7636
9354
8585
2813
3807
6899
5831
678
599
9313
7276
4162
7786
9245
3974
2166
6954
4465
283
7673
4381
692
3127
9348
2173
9420
2821
5765
2141
5678
9602
1411
1531
6720
6895
9598
4403
3494
8611
7813
1893
1215
5847
5268
4111
3857
1102
6911
9994
1011
7712
237
1068
9304
462
2366
6637
9058
8922
7215
7619
3556
754
5115
558
5257
2293
3728
8715
8784
2786
6862
7459
7069
4271
9882
8914
6583
1320
7701
1830
7211
5415
7282
5691
3601
1658
9975
6953
5536
4887
4480
5968
6355
4565
5152
1967
2878
9192
2856
6044
6440
6700
6980
8404
6786
8429
4848
3647
5599
6987
6022
2661
9183
3917
314
3662
7513
8095
327
8949
408
720
9381
2347
1827
9
2306
7122
6592
818
8128
4982
4428
1822
9046
9610
3297
1077
7684
1431
937
3562
6382
3493
2632
8562
5975
7550
3937
7614
4960
644
1636
5084
3565
5527
4382
3871
1742
9604
4843
2756
3738
1243
6688
7335
9458
1080
683
8047
7247
512
5336
7941
5199
7061
5433
9285
1237
4815
8232
986
7377
3992
6914
7494
6902
9891
4199
5444
4523
9499
9783
8474
7168
1626
1680
7953
3396
6064
5462
531
2445
2841
8029
3836
4182
6090
4916
6512
6205
3229
2625
9944
4826
1412
8877
2006
2952
2367
6361
175
4094
9591
4338
6922
7049
9802
2656
8804
627
3924
5661
5478
1143
4321
140
6278
398
4764
7767
4264
1860
2547
948
6851
973
4675
1787
6050
1389
5319
8584
7441
972
1015
461
254
858
3849
6095
1087
7582
9728
7287
2170
9696
2107
3263
6517
1821
5853
8834
7900
1099
1383
2142
4369
909
1072
1027
4514
2175
3610
1942
8566
17
3035
8502
7367
5673
8172
7577
9446
2280
9967
1041
197
3893
6411
9847
5665
4801
5875
5050
8894
6400
6744
5421
1172
3163
9337
5856
1339
151
7917
9259
8951
9277
1153
9570
5632
257
4394
7924
2288
8993
7325
3964
5730
8098
5236
2249
8411
4212
9765
6863
9970
2658
3520
9453
3405
1254
6888
122
4754
8069
3040
3810
2332
2145
2701
1160
4701
3261
3359
9123
5223
1170
8537
242
3205
4810
3543
8467
7435
2951
3483
7309
9049
4707
1512
515
6618
7913
5448
2612
6319
5173
9907
9151
2729
394
6300
5935
5454
6114
292
2217
703
190
4186
7419
9067
6128
240
1118
4135
8073
270
7983
5885
4503
8738
1067
8164
5345
6442
5639
8836
472
6374
272
6904
9910
3705
330
4284
4053
8859
1473
7300
8383
2322
8050
6503
3081
6708
3257
2017
2044
3135
1903
4148
5530
7682
7350
8643
6056
3721
523
8369
7631
308
837
6365
8307
2900
2700
6781
8923
7634
3034
4768
8110
4389
3709
2917
6508
1432
5393
7901
9513
8357
8926
2396
4583
1695
195
1223
1336
7599
9318
8151
2195
7397
5637
8744
4347
3407
5363
1220
5518
5472
922
3168
741
5106
6270
4190
4241
8146
2931
2829
9136
8943
5750
8223
791
1138
4926
3467
5022
8879
191
5174
4602
6041
9878
3375
7406
2084
1156
5570
4628
368
2411
6206
1031
1130
9295
700
564
3550
7853
7580
3389
6551
2573
1315
5612
10
5370
7595
9569
9269
5102
9844
2711
5177
940
109
260
6027
8803
6197
3637
5095
3955
85
5331
5921
3248
8707
7816
2222
711
6717
4300
1935
3074
1524
8359
5140
7201
5722
3362
9346
9149
1439
579
5169
6672
4353
1264
8560
7279
6438
7990
3256
1655
1608
5813
4968
7111
5493
4168
7892
8186
9069
7256
9823
8023
3215
4685
5417
3058
4962
8984
3260
8508
4098
663
1291
5332
1491
3813
8454
9526
9015
665
9341
6966
8120
201
1522
5025
9607
7412
9518
8149
6115
1263
8354
8851
6733
2619
6507
2012
2593
4072
5233
593
6001
8546
2238
7371
9206
4319
738
4732
6271
8006
9555
3976
7480
174
6149
58
2967
6229
7046
2339
3109
1811
4773
651
6231
4985
9005
1630
4871
3013
4519
6615
9915
2886
7771
7776
6219
345
7383
996
1614
5167
8276
7100
4076
9934
1882
401
4108
388
1513
3983
939
3563
3323
4230
7101
6123
790
8970
1828
4624
7681
8127
1784
2819
9887
6366
7992
4997
4324
1381
1682
7332
6627
4232
8165
1683
5201
9999
7321
4830
5311
5604
5499
3200
5836
3001
9980
8833
1421
5109
5301
5761
2720
1470
7047
3673
3032
3111
2345
8600
6978
6907
8777
5845
1277
8443
4739
8124
6424
3558
7195
6108
1591
7394
9257
4601
2106
8669
1171
4320
2640
4023
4918
4413
3582
2696
9327
5150
218
2148
7146
7072
3030
2557
5072
7967
5339
9997
8871
6983
6417
4954
4003
4697
1510
5963
291
6446
4009
8413
9521
6003
6251
1599
8066
9455
5260
9565
3732
4775
2869
6832
9973
8367
3120
2489
5631
4469
527
8539
7283
5194
4989
29
3125
5219
6391
1703
9390
3239
8757
4282
8811
878
3306
1583
3067
8957
1934
476
7077
9233
4682
209
9864
1603
7891
4030
1872
5848
9227
9597
4262
9028
8385
2262
3390
7088
6986
7151
6010
8377
2894
234
3448
7778
3189
637
3640
8412
168
6726
9995
4659
9609
288
6439
1637
899
6925
1394
9138
7296
8403
4825
1639
9175
3393
4893
6360
5759
6628
7640
2512
9858
7411
7651
526
1212
524
4070
3742
4900
180
7672
5373
9990
7454
4631
9267
2678
8335
7400
968
3694
4679
1926
8956
9723
9792
8025
2234
2496
4911
5767
4001
5122
1744
6629
6067
5630
8168
4798
22
2527
7888
278
7744
6441
6240
4487
3793
5526
2537
8156
2228
9667
2904
8306
4225
7213
76
1764
5166
8436
1110
6036
8808
882
5216
2610
2789
9204
9904
5796
5008
5739
5864
5293
7561
6710
6952
9680
8543
2673
4277
6885
4361
5629
9404
7
1653
5747
5289
5742
4462
1881
4780
1987
2845
7025
6877
438
9948
3671
8622
4022
6488
815
6426
9801
5763
1400
6477
567
825
8745
5571
6502
8239
9413
2221
8747
3589
5035
3864
7031
4507
3322
5787
6568
961
478
5240
7596
5544
5303
46
6709
3368
9383
5049
5187
6326
6147
2030
616
774
3119
7699
96
8302
9350
3066
279
9179
832
1986
6248
6811
9094
2586
7916
2398
9879
2431
4219
8183
9494
7241
7183
441
6650
5435
4431
1572
5900
3005
9614
7711
8042
725
4261
1820
1562
2549
715
8056
4280
6163
3287
6261
4844
5234
5666
5598
6399
763
2919
9794
7124
9992
5030
5757
243
9485
7468
9497
1825
3082
2728
5718
1768
5815
2454
1493
690
4515
6690
8670
3309
5876
9590
5308
3689
5506
8717
3618
4518
6560
9671
7353
383
5939
8150
6873
5291
309
8718
5693
221
3313
3100
2539
4642
4789
8431
9278
8978
2169
112
1921
2319
5972
6652
2765
5828
2589
459
4240
4687
1207
9238
8455
363
6136
5567
1918
4121
7939
3706
7923
2085
7416
8341
7966
5402
5070
7218
2270
8588
3858
5960
6201
6340
8216
6794
6561
1774
9611
6343
7202
6747
4174
2628
7130
2427
9428
8601
4456
2364
7209
4046
5613
7645
427
82
4903
4170
2885
1187
5358
6795
4034
7345
5075
2812
3962
3298
4546
5549
845
503
3648
9506
5590
7721
6034
5840
1124
1410
8987
2773
6055
6160
7254
1499
5057
6288
6765
4703
1519
5083
6364
4581
2256
6408
2977
8882
2714
4551
7469
1698
7327
8844
3770
8266
902
3149
5721
8555
6585
6449
4808
302
1112
1186
4647
6060
5880
5323
155
8351
4774
2267
5887
6804
7689
8880
964
1447
6659
5309
2379
8603
2254
5780
146
7446
2588
5636
5139
4564
1251
8177
9375
8104
7236
846
1415
2022
9500
6066
9704
5572
423
6768
6638
9647
8270
458
5388
2863
3262
1003
318
628
9622
2973
6522
4411
1824
7660
3577
4953
208
5243
6431
8862
6102
5583
4559
8896
3159
8868
6565
3130
2328
5800
2511
6524
8065
307
8039
1597
6054
2025
917
8513
1557
8810
1873
4183
3203
3642
2861
6200
5751
4226
8291
4838
7647
8251
8434
7291
8092
9701
2447
6281
5430
6349
13
5898
6013
9593
7919
95
3275
7021
2614
5501
4384
4472
2378
2070
4160
8909
1391
1035
3926
2800
473
3054
9640
1480
5103
8433
3981
1069
3108
9297
6573
1783
9254
4192
5160
2091
764
8148
4193
5398
8292
4095
1288
3417
7657
6260
3386
385
7926
9395
5158
5888
8813
386
4880
2694
6906
1638
501
1115
2504
7320
1348
3195
3534
487
5222
9773
8610
8734
4630
8435
6891
3665
992
9393
8325
9429
686
7338
269
3669
1941
2283
7103
3874
2763
157
2383
6776
4489
5379
1988
5437
9507
4189
1084
4991
239
6930
5305
3334
5136
8722
3346
5127
4698
2927
5653
2555
4693
6789
1558
9002
6221
9124
4214
6813
7193
7425
1762
275
1304
4083
9043
3963
7436
5700
1523
2918
7885
2205
3095
3384
75
8651
5093
5838
3935
1839
5378
4498
7738
3117
5466
481
65
5607
7485
5495
6737
335
8545
6292
1349
5452
6761
6667
6474
5824
477
5464
6619
3281
1449
4813
9658
8764
9550
9321
9827
8654
7841
1126
9296
9447
7023
2095
2908
709
6901
2646
2712
9911
2750
6962
3975
6870
6121
2693
7914
7167
3244
7605
7893
1199
6289
2
9469
8905
2870
1469
4917
2691
6007
4210
8018
3815
4560
1897
4752
1876
5563
293
1726
8371
7931
62
7746
3398
432
1224
7865
9721
2577
5606
5027
751
5602
612
5280
9588
4297
429
8189
781
1908
6471
5909
6878
8994
4288
3318
7324
5086
8420
5850
8961
9674
1036
7856
1913
6092
7487
3950
8703
1978
6721
634
2356
8736
8261
5622
6235
5391
1083
2662
2864
6249
3608
1719
9266
5239
5823
9166
2092
6818
4454
2266
8963
9196
7262
8972
9683
7947
8754
681
1554
5426
2430
8193
4980
9232
6990
8214
2955
4860
6696
59
14
9306
6730
596
2037
3369
4658
3614
9815
4569
2119
7724
3388
731
50
1198
1353
9688
5258
7474
5610
7307
2053
178
3869
8440
7365
3806
2233
6035
2907
5980
7384
935
5729
5758
4244
9930
9757
261
2493
8567
4721
4992
1265
8968
6938
1911
1861
494
5984
9181
8692
8971
3152
3765
5488
4720
8498
8358
8704
1262
9481
4481
8008
7834
2631
8587
4253
6779
6548
4421
2823
3026
1657
5134
2202
4247
4345
7491
8821
9769
5905
5416
7956
6799
4408
8227
4996
4863
7233
658
7879
9998
4309
2104
9712
9713
4200
3237
9237
8103
2043
169
6530
896
6146
312
9539
1233
9578
4392
977
6385
3900
4430
5697
9542
3767
5155
2596
6796
6763
890
6872
4036
3311
4742
404
4126
5513
8272
9322
5859
3235
3274
9147
5872
3131
5498
4532
1757
1917
3785
3966
5648
6838
9057
4897
3495
9742
5692
3677
7532
2029
5023
455
5829
7473
8475
121
6040
755
5799
1173
9850
8967
979
7336
9517
3998
1823
8577
8582
9495
9641
6729
5861
8321
5190
158
9686
9235
5952
9725
2294
773
7563
6731
1058
5328
7927
5818
6943
5565
7796
2836
4891
3141
87
9168
1605
9223
6002
6536
2246
8394
9214
5782
2165
9408
8985
5798
1906
9382
929
2069
4561
5595
4202
7509
9150
7369
8678
8791
1579
618
263
414
6734
5755
7774
6777
2859
5364
5695
3657
6570
8323
4501
8159
9356
3905
2459
1804
2934
9368
7905
402
3547
2623
4889
9311
1685
8198
3454
4994
760
867
8141
3782
9567
7877
9024
1922
2392
326
9298
5519
7158
2436
277
1238
7458
1129
5277
5615
9468
6078
1163
3316
4211
3743
8269
1806
9978
7154
4970
2871
5369
419
2315
880
879
6179
274
3907
8116
2621
8005
2326
9042
9070
3996
1197
2469
2449
6152
9902
9900
6348
4796
144
142
3667
6014
4906
5515
5272
5863
9422
4484
9221
1962
8203
6979
6086
7874
4856
8235
6058
6903
182
8324
4267
3220
2528
2475
3457
9224
2518
6955
2089
3784
6875
9437
3597
9194
1164
959
8372
3741
1574
7120
7525
1176
6701
399
6750
2079
2562
7576
3751
1455
782
5011
746
9288
3097
8013
7170
5135
9342
4120
4770
6740
9662
1852
4356
9154
6808
7221
2410
5966
2272
1627
2295
4885
9854
125
9217
1571
5446
4149
2536
1013
6603
7643
8586
1332
8728
2350
8761
1074
9796
6165
9357
7357
3430
7971
3269
1958
4715
732
9264
7760
3433
1045
8326
6913
227
3724
1194
8282
8775
3607
2456
2972
5259
4117
6450
3775
2062
5523
7322
2176
6848
5113
3852
8390
9260
2522
4915
2611
5946
6931
6239
4143
9360
3182
4223
5327
7414
452
7522
1114
6265
4832
9852
9974
1999
8995
8012
2792
3631
6494
9603
6334
8368
27
6910
623
2132
6051
4819
1012
1048
6963
2450
2338
510
238
2139
9644
1847
3328
7462
106
7479
4019
2441
561
4809
1313
5669
235
3576
7679
9845
8395
9754
6521
5990
2717
9729
4311
2705
41
9945
4500
3632
5094
6929
2302
7801
4537
7777
1668
4112
6100
3938
454
4077
1073
9608
6322
9797
1556
5616
3185
4371
7669
5051
1306
7761
1090
7714
4064
8946
471
3214
3133
9600
6511
4767
921
1769
9958
6546
8953
9501
9091
778
4694
9977
582
3753
3714
7212
6129
1710
4238
9991
6660
9851
264
8478
9645
9824
4827
5419
6392
6053
9307
2978
4075
4646
1088
2131
4283
6170
7635
5453
857
865
7600
6198
518
6017
7075
2369
2983
9340
4761
1051
77
9814
6656
8510
3478
6472
6378
8890
2466
216
792
2484
287
1950
7727
3226
5667
4914
8210
99
36
3137
7420
9892
641
470
4958
6534
4404
9374
6072
5087
8947
3063
2556
4641
2307
7018
5535
9213
1284
6208
6879
4495
662
7612
5273
7082
9947
4974
3920
7729
2911
5318
1020
7683
5821
4091
4467
332
9648
9665
6798
204
3266
3505
4714
4222
9086
8613
9856
7863
2381
4973
4132
7625
9549
6420
4455
8870
6185
5603
3039
7658
6318
2929
5948
724
8288
7259
8262
6939
1377
1092
669
3442
1503
7123
5237
9809
914
6268
1949
4833
5195
2554
8786
4351
9747
7181
4227
8304
6422
9385
1177
1097
1459
3049
1770
1456
305
3763
1616
9355
4272
171
5907
5183
5031
9263
4576
6091
6648
6468
3761
3674
6290
608
743
7359
6996
7831
3091
5846
2052
1004
2239
2572
9547
6655
8031
2451
7261
172
6164
4709
2771
5575
5926
9384
9118
1006
3932
3759
2248
6919
997
4153
3272
5436
2055
5995
4463
2822
3754
2895
4769
6117
7148
5851
4811
9234
5812
6883
5886
995
3157
5196
1798
3649
9414
6395
8030
3216
3575
8936
6722
1975
4881
8362
2125
8393
9155
1319
5317
6646
9205
9668
8138
8408
4116
1283
780
88
6134
3011
4841
2066
1444
4387
8123
3931
8887
8316
8034
4445
5744
3862
2530
3449
1393
6243
8815
4314
4643
2600
4313
4134
6131
7179
6617
861
3025
9243
7709
9325
3539
8910
1318
2609
5209
1307
9760
2472
4154
2916
379
1909
4538
56
1064
8778
2636
2837
2130
7534
2050
9733
7316
3725
5917
3509
8021
4163
1560
5918
5951
2965
7035
1886
952
1155
3377
4141
496
978
7160
4164
9265
8
9012
2582
6751
2048
493
4195
3779
8593
4414
7583
9564
4088
4393
9241
1617
5306
3155
5983
5092
2152
3488
868
7194
3123
325
1419
5496
3347
8384
1486
7349
4934
4048
2966
2482
6245
4449
5920
6867
9589
2681
3744
9855
2313
8086
5342
9246
7081
3532
6207
6283
9418
382
5143
4618
3079
7575
1471
5206
2487
3102
9198
5685
3165
284
7745
4929
2073
6190
1832
9352
9646
485
8911
881
5292
9562
7431
289
9044
162
6225
9305
1996
4045
6897
6982
6068
7351
1236
3413
6865
4879
6181
9828
3553
1945
4747
4436
3402
4990
9653
6918
51
6337
949
7232
2077
5585
2809
8115
2534
3041
9362
3641
1623
2287
2637
9537
202
5778
6555
4818
310
1669
4905
3336
7707
3923
6707
863
426
6771
6075
2446
519
3128
7772
7937
9191
9403
3680
7717
8663
5865
4506
2784
1279
3536
3984
8656
4976
7601
8632
6082
8892
2127
4055
810
5017
2389
1433
6482
953
8904
7732
4594
8771
486
897
378
4081
4397
6893
6330
6816
7039
4806
852
7177
9090
7312
2082
4593
530
4525
5725
9866
9490
7764
1021
5457
9363
7226
267
903
8285
595
2236
6172
3675
8222
6059
6917
9059
6540
7159
7230
3868
7129
2011
8310
951
1357
2059
2666
8178
7011
5512
6516
5366
7798
250
3508
2457
5099
1900
3958
298
2363
1730
7204
8249
3800
9695
5646
1948
1840
3835
355
3615
9996
6171
2604
5200
1654
988
8665
8814
1286
4367
5361
1543
4
173
1159
3190
2575
7317
2020
2546
1981
4541
5591
4820
2956
9171
3280
9444
3188
108
3250
7812
1489
829
7862
2602
9679
2465
5016
1345
1200
1302
74
4444
2203
110
7267
5114
8915
5997
2735
6924
2524
2583
4942
1388
3888
3529
7734
3177
3606
3654
4406
811
7378
511
1477
9105
7334
9691
3621
354
6806
9222
5330
2038
1310
5188
7578
1745
5439
7527
3181
2494
6150
495
4052
9594
313
2998
5686
7054
9333
5316
6384
9568
44
7310
1633
7405
4486
8274
2635
8337
4165
8147
2002
7946
8347
1476
823
2731
4705
7094
6947
617
236
8381
1750
6714
7837
4502
6447
8579
3910
3559
2997
7535
5131
9212
5024
9744
9040
128
1534
6609
7958
4632
2474
5582
806
3253
2185
1667
4150
2817
4674
2462
7175
5044
2962
8606
2698
199
4491
9172
1813
4322
777
6946
708
132
2553
5873
6824
3003
5146
8314
7410
9553
7456
4550
7237
8634
1108
5176
7644
5465
3337
1865
4545
5490
559
9421
7704
3371
1137
300
4422
7598
2136
3093
4326
4961
1717
2679
7421
8544
4998
7804
8144
5916
7445
883
8823
2985
7260
1184
5428
6156
8849
5203
9487
5985
6679
6984
7616
3708
9692
5561
4013
4534
2200
8726
3622
246
8805
2824
9299
2905
7288
8819
4734
5494
7222
7731
5973
9022
1278
5264
1741
2477
8419
744
9689
5182
3381
5803
5625
722
2736
8194
2606
7579
4759
3397
6293
8913
1955
3693
1993
1953
4128
81
9115
2514
9657
4493
6394
4944
296
8571
5970
4606
4234
6032
6217
9188
3228
6976
9786
8766
8195
9201
4599
1849
3911
2463
114
1529
8549
8492
960
6443
1843
5743
540
4852
8068
1496
5605
3820
4753
8163
535
1944
2316
7945
5157
225
1140
468
650
6745
6686
6434
5028
1483
9524
8686
8503
3887
7205
6675
1838
9702
2386
1588
6915
8267
9060
8244
232
1442
7475
8334
5431
6859
8599
9651
8955
409
5903
3211
8077
116
8231
4859
672
5977
6275
2785
1593
9664
8297
5884
6757
2719
789
6357
555
8825
7637
4058
2408
1649
7496
2375
6960
1946
5357
6599
1831
456
9344
5270
944
2342
9483
4056
4118
4823
5460
9098
629
1325
3124
5902
6026
6833
6187
8024
2072
4346
8826
2310
8356
1426
4869
9822
1210
3186
6968
1564
245
6166
349
3268
9489
2995
1704
8759
9176
9705
3611
348
7564
9302
7110
2852
3374
8057
6020
7188
8014
79
4339
1346
9079
9303
5052
6466
7141
6578
8975
2994
1760
4787
1652
1878
4459
9160
1266
7650
3925
5276
7511
2505
9962
6291
8623
2851
704
6725
418
6793
9258
9759
6336
5071
3273
8974
211
5085
9576
6886
4765
5132
891
668
5463
888
3419
545
6674
5710
8861
4816
8484
19
957
9443
5660
491
4448
6755
7250
9538
9583
1692
9018
3682
7083
8119
1
8401
8646
7050
4027
6549
4527
2361
6746
7022
9875
6736
942
4460
3361
8070
2541
9782
6748
7858
7422
3069
8699
9926
7903
6274
8470
5788
3580
1406
9021
3524
6988
2394
7508
6463
3959
6213
3598
7275
7751
771
8099
6254
2415
5706
4005
7118
3774
6155
9581
7842
1801
3737
8981
400
4298
5344
3814
8284
6323
855
2005
2581
8504
6762
2961
9716
5814
3567
2013
6610
830
6257
1780
1232
5013
7382
5577
1376
584
5644
3603
8800
6087
7274
3420
6942
4171
1901
8153
4574
5326
9870
5374
1120
6175
8218
6689
2922
4390
8445
3919
1573
6381
6151
8207
5534
7819
9280
6404
4217
3401
3780
2873
6604
6937
915
6923
2337
6752
1195
9700
9739
7620
970
7524
2910
7889
3422
2754
7864
5413
1252
1940
6308
8962
1542
1276
3075
12
8752
9529
3209
2461
2486
1453
6556
3847
3656
6410
5934
9427
8564
5123
8199
7108
9629
4664
184
5004
5786
1844
1248
3805
536
6331
684
1409
8299
749
2417
3004
5889
3320
4667
6473
366
3651
675
2682
3990
4951
7735
3202
2969
8329
5443
98
4625
1936
4927
4735
991
7795
1416
2667
9373
6142
4446
3824
9126
5870
1673
333
9017
9089
6567
2435
4520
748
4635
8841
8645
3946
9666
8402
4228
8863
4706
7628
5564
6515
2163
6510
5614
9498
9826
6840
4661
3376
7987
8058
522
5524
8315
9477
5580
72
1026
3099
9954
4622
8662
2219
4114
6416
6594
9558
9107
3908
5481
6920
1359
4278
9330
322
5128
6119
8489
8653
3572
9358
1440
6694
3776
1206
5172
6448
3231
4031
2327
297
113
736
8694
5627
219
3720
5791
5938
3319
733
5533
5137
2370
6562
5486
1151
2544
7495
9215
3831
8290
4857
4078
7848
8063
1848
2423
6834
7319
4620
2034
5703
1121
8374
3464
6683
4572
4263
8605
2199
1032
664
3697
6835
1961
6807
805
3158
6668
5144
4215
4305
4061
372
1755
5854
1727
5325
1763
220
431
2458
8621
9883
2939
5633
7829
9359
8552
9871
6333
8416
3161
2150
8901
2622
2948
8407
6387
1057
886
9976
8589
5982
5579
9308
8469
4552
8208
1255
9389
2323
2816
8081
2722
7571
5874
5125
2594
7028
1414
5857
2796
8581
6783
8655
6202
4877
3625
8725
1800
2515
7994
57
5193
8424
6094
3364
2968
9405
449
5263
8376
6773
768
7315
5545
611
251
6454
3568
7615
442
8319
4847
8179
1891
4074
4873
4700
4533
7392
6124
436
3507
6063
4231
9143
7838
440
1494
3171
3206
7292
4097
8595
415
578
2909
7702
4686
7450
3537
2196
324
565
7208
7668
7328
8256
2298
6753
661
3719
421
1678
8820
7090
7163
8749
8945
8224
2078
5186
1022
9731
4975
1648
4103
4610
9377
7617
3497
6499
9877
8536
5775
7434
4440
679
9652
9551
2726
7029
2740
8695
657
4529
2692
7089
395
9120
5118
4548
7249
373
718
138
521
3872
5204
7933
3865
8197
9676
9924
2676
6645
28
338
3678
682
6728
6564
5956
5226
3357
1939
2258
8626
9203
5386
6639
5045
3512
7380
7783
2651
7860
4101
7087
4766
7664
7618
9914
8976
2194
2156
9324
1487
930
5089
6196
8739
3307
1297
6011
9950
3061
9009
183
4723
6287
6008
6199
7972
1705
941
6485
9122
9301
632
4197
3995
4800
3773
3345
933
3540
5525
5247
6821
7720
3645
8979
223
8074
2311
9153
1670
6412
966
7984
3655
8576
4260
1403
6791
7002
6272
734
84
5343
1321
7393
5489
7427
9859
926
2250
9054
990
9582
7455
2825
6850
3317
5255
4923
4972
8212
571
249
6713
1139
8558
6809
7026
8082
9585
4542
6882
4755
7164
4590
6311
6386
61
7271
4071
7128
3691
6624
6936
4405
3314
1253
5584
3354
8773
4762
119
9596
9785
2305
4000
1933
7957
1594
507
8054
